Samples/C+/test.physical
Samples/C+/C+_CEP                                                                                                               
  0.10000E+05   0.10000E-03   0.10000E+06   0.15334E+05   0.17110E+02   0.12010E+02
0
  0.10000E+01    0.00000E+00    0.10000E+20  2    0.10000E-02    50   1.000
  0.00000E+00     4    50     5
           2
  2  0.0000000000E+00
  4  0.6339500000E+02
           1           1
  2   1  0.1900534287E+13  0.2300000000E-05  0.2463300000E-09  0.0000000000E+00  0.2941534240E-24  0.2941534240E-24
   1
   2     1
         234
           2           1   4.1726233654620687E-010   4.1726233654620687E-010   4.1726233654620687E-010   4.1726233654620687E-010   4.1726233654620687E-010   4.1726233654620687E-010   4.1726233654620687E-010   4.1726233654620687E-010   4.1726233654620687E-010   4.1726233654620687E-010   4.1726233654620687E-010   4.1726233654620687E-010   4.1726233654620687E-010   4.1726233654620687E-010   4.1726233654620687E-010   4.1726233654620687E-010   4.1726233654620687E-010   4.1726233654620687E-010   4.1726233654620687E-010   4.1726233654620687E-010   4.1726233654620687E-010   4.1726233654620687E-010   4.1726233654620687E-010   4.1726233654620687E-010   4.1726233654620687E-010   4.1726233654620687E-010   4.1726233654620687E-010   4.1726233654620687E-010   4.1726233654620687E-010   4.1726233654620687E-010   4.1726233654620687E-010   4.1726233654620687E-010   4.1726233654620687E-010   4.1726233654620687E-010   4.1726233654620687E-010   4.1726233654620687E-010   4.1726233654620687E-010   4.1726233654620687E-010   4.1726233654620687E-010   4.1726233654620687E-010   4.1726233654620687E-010   4.1726233654620687E-010   4.1726233654620687E-010   4.1726233654620687E-010   4.1726233654620687E-010   4.1726233654620687E-010   4.1726233654620687E-010   4.1726233654620687E-010   4.1071922891435216E-010   4.1071922891435216E-010   4.1071922891435216E-010   4.1071922891435216E-010   4.1071922891435216E-010   4.1071922891435216E-010   4.1071922891435216E-010   4.1071922891435216E-010   4.1071922891435216E-010   4.1071922891435216E-010   4.1071922891435216E-010   3.9768499468800685E-010   3.9768499468800685E-010   3.9768499468800685E-010   3.9768499468800685E-010   3.9768499468800685E-010   4.0382409846367520E-010   4.0382409846367520E-010   4.0382409846367520E-010   4.0382409846367520E-010   4.0382409846367520E-010   4.0382409846367520E-010   4.0382409846367520E-010   4.0382409846367520E-010   4.0382409846367520E-010   4.0382409846367520E-010   4.0382409846367520E-010   4.0382409846367520E-010   4.0382409846367520E-010   4.0382409846367520E-010   4.0382409846367520E-010   3.9100497439290979E-010   3.9100497439290979E-010   3.9100497439290979E-010   3.9100497439290979E-010   3.9100497439290979E-010   3.9100497439290979E-010   3.9100497439290979E-010   3.9100497439290979E-010   3.9100497439290979E-010   3.9100497439290979E-010   3.9100497439290979E-010   3.9100497439290979E-010   3.9100497439290979E-010   3.9100497439290979E-010   3.9100497439290979E-010   3.9100497439290979E-010   3.7860534861515098E-010   3.7860534861515098E-010   3.6653220526987804E-010   3.6653220526987804E-010   3.6653220526987804E-010   3.5488890515202084E-010   3.5488890515202084E-010   3.5488890515202084E-010   3.5064000000000004E-010   3.5064000000000004E-010   3.4842000000000002E-010   3.4842000000000002E-010   3.4632000000000000E-010   3.4632000000000000E-010   3.4632000000000000E-010   3.4405500000000001E-010   3.4405500000000001E-010   3.4128750000000000E-010   3.4128750000000000E-010   3.4128750000000000E-010   3.3872250000000002E-010   3.3872250000000002E-010   3.3629250000000000E-010   3.3629250000000000E-010   3.3402000000000000E-010   3.3402000000000000E-010   3.3402000000000000E-010   3.3190500000000000E-010   3.3190500000000000E-010   3.3091499999999999E-010   3.3091499999999999E-010   3.2897999999999998E-010   3.2897999999999998E-010   3.2715750000000002E-010   3.2715750000000002E-010   3.2630250000000002E-010   3.2549250000000000E-010   3.2389500000000000E-010   3.2389500000000000E-010   3.2224199999999998E-010   3.2224199999999998E-010   3.1851000000000002E-010   3.1501200000000000E-010   3.1501200000000000E-010   3.1172999999999997E-010   3.0865199999999998E-010   3.0287999999999999E-010   3.0035999999999998E-010   3.0035999999999998E-010   2.9680800000000002E-010   2.9359199999999998E-010   2.9072500000000000E-010   2.8503750000000001E-010   2.8159999999999999E-010   2.7676250000000000E-010   2.7383749999999999E-010   2.7383749999999999E-010   2.7109999999999997E-010   2.6852500000000001E-010   2.6612500000000000E-010   2.6386250000000003E-010   2.6386250000000003E-010   2.6175000000000000E-010   2.5976250000000001E-010   2.5790000000000001E-010   2.5790000000000001E-010   2.5790000000000001E-010   2.5790000000000001E-010   2.5616249999999999E-010   2.5616249999999999E-010   2.5616249999999999E-010   2.4992999999999998E-010   2.4992999999999998E-010   2.4992999999999998E-010   2.4992999999999998E-010   2.4992999999999998E-010   2.3619000000000004E-010   2.3619000000000004E-010   2.3619000000000004E-010   2.3619000000000004E-010   2.3619000000000004E-010   2.3106000000000000E-010   2.3106000000000000E-010   2.3106000000000000E-010   2.3106000000000000E-010   2.3106000000000000E-010   2.3106000000000000E-010   2.3106000000000000E-010   2.3106000000000000E-010   2.3106000000000000E-010   2.3106000000000000E-010   2.3106000000000000E-010   2.3106000000000000E-010   2.3106000000000000E-010   2.3556000000000001E-010   2.3556000000000001E-010   2.3556000000000001E-010   2.3556000000000001E-010   2.3556000000000001E-010   2.3556000000000001E-010   2.3556000000000001E-010   2.3556000000000001E-010   2.4063000000000003E-010   2.4063000000000003E-010   2.4063000000000003E-010   2.4063000000000003E-010   2.4063000000000003E-010   2.4063000000000003E-010   2.4063000000000003E-010   2.4063000000000003E-010   2.4063000000000003E-010   2.4063000000000003E-010   2.4063000000000003E-010   2.4063000000000003E-010   2.4063000000000003E-010   2.4063000000000003E-010   2.4063000000000003E-010   2.4063000000000003E-010   2.4633000000000002E-010   2.4633000000000002E-010   2.4633000000000002E-010   2.4633000000000002E-010   2.4633000000000002E-010   2.4633000000000002E-010   2.4633000000000002E-010   2.4633000000000002E-010   2.4633000000000002E-010   2.4633000000000002E-010   2.4633000000000002E-010   2.4633000000000002E-010   2.4633000000000002E-010   2.4633000000000002E-010   2.4633000000000002E-010   2.4633000000000002E-010   2.4633000000000002E-010   2.4633000000000002E-010   2.4633000000000002E-010   2.4633000000000002E-010   2.4633000000000002E-010
